"","squirrel_id","axy_yr","axy.local.density","axy_avg_fam"
"1",12678,2015,4.52037708189999,173.958333333333
"2",19537,2015,4.70872612697915,150.68
"3",13288,2015,3.01358472126666,133.3125
"4",12003,2015,3.20193376634582,299.058823529412
"5",20495,2015,2.82523567618749,150.2
"6",11256,2015,5.83882039745415,122.322580645161
"7",12285,2015,3.39028281142499,154.944444444444
"8",20645,2015,6.02716944253331,147.9375
"9",20836,2015,5.27377326221665,132.642857142857
"10",12305,2015,5.83882039745415,151.548387096774
"11",19880,2015,3.39028281142499,137.777777777778
"12",13179,2015,4.33202803682082,184.739130434783
"13",11722,2015,0,0
"14",21004,2015,4.52037708189999,129.5
"15",21297,2015,4.33202803682082,106.173913043478
"16",20409,2015,4.14367899174165,130.090909090909
"17",12509,2015,3.39028281142499,131.666666666667
"18",13305,2015,4.14367899174165,170.727272727273
"19",20862,2015,4.52037708189999,0
"20",20059,2015,3.01358472126666,144
"21",19764,2015,5.46212230729582,164.241379310345
"22",13092,2015,1.88349045079166,186.3
"23",21382,2015,5.83882039745415,0
"24",19718,2015,2.63688663110833,187.642857142857
"25",19516,2015,1.50679236063333,173.125
"26",21276,2015,1.69514140571249,131.666666666667
"27",20567,2015,2.82523567618749,0
"28",12027,2016,2.26018854094999,417.416666666667
"29",21279,2016,2.07183949587083,422.454545454545
"30",20729,2016,3.76698090158332,123
"31",21117,2016,2.07183949587083,111.818181818182
"32",20942,2016,0,0
"33",20198,2016,2.07183949587083,634.636363636364
"34",22068,2016,5.08542421713748,123
"35",12028,2016,2.63688663110833,753
"36",12653,2016,1.50679236063333,324.875
"37",20525,2016,1.50679236063333,278.875
"38",20729,2015,4.52037708189999,69
"39",21393,2015,4.52037708189999,76.6666666666667
"40",11737,2015,3.01358472126666,74.75
"41",19962,2015,3.95532994666249,0
"42",12177,2015,4.89707517205832,391.384615384615
"43",20198,2015,3.57863185650416,176.157894736842
"44",20873,2015,5.46212230729582,69.7931034482759
"45",19983,2015,4.52037708189999,166.166666666667
"46",13487,2015,4.52037708189999,190.291666666667
"47",20295,2015,5.46212230729582,69.7931034482759
"48",19795,2015,3.76698090158332,292.15
"49",20191,2015,5.27377326221665,193.285714285714
"50",20634,2015,5.46212230729582,235.931034482759
"51",19583,2015,1.88349045079166,224.9
"52",20004,2015,5.46212230729582,195.344827586207
"53",10617,2015,5.46212230729582,339.275862068966
"54",19907,2015,4.89707517205832,200.307692307692
"55",19347,2015,3.20193376634582,274.235294117647
"56",20166,2015,4.70872612697915,84.64
"57",19917,2015,4.89707517205832,0
"58",19819,2015,2.82523567618749,231.266666666667
"59",20921,2016,3.57863185650416,551.105263157895
"60",20904,2016,3.39028281142499,493
"61",20904,2017,3.76698090158332,0
"62",19815,2016,3.95532994666249,524.285714285714
"63",19815,2017,3.57863185650416,499.894736842105
"64",20729,2017,3.57863185650416,0
"65",21332,2016,3.20193376634582,445.941176470588
"66",21332,2017,3.39028281142499,566.277777777778
"67",20223,2016,3.57863185650416,532.105263157895
"68",20223,2017,3.57863185650416,629.684210526316
"69",22068,2017,0,0
"70",19890,2016,3.95532994666249,413.904761904762
"71",19890,2017,0,0
"72",13487,2017,3.01358472126666,519.3125
"73",19974,2016,3.01358472126666,86.25
"74",19974,2017,2.63688663110833,260.714285714286
"75",20712,2016,3.01358472126666,303.5
"76",20712,2017,3.01358472126666,398.9375
"77",20914,2016,2.63688663110833,309.928571428571
"78",20914,2017,2.63688663110833,480.214285714286
"79",22465,2016,1.69514140571249,109.333333333333
"80",22465,2017,1.69514140571249,324.444444444444
"81",21923,2016,2.63688663110833,246.214285714286
"82",21923,2017,3.01358472126666,462.125
"83",20169,2016,3.01358472126666,423.1875
"84",20169,2017,0,0
"85",12148,2016,2.07183949587083,329.909090909091
"86",12148,2017,2.26018854094999,487.083333333333
"87",13258,2016,1.88349045079166,536.4
"88",13258,2017,0,0
"89",21599,2015,0,0
"90",21389,2015,3.76698090158332,92
"91",21389,2016,3.57863185650416,327.473684210526
"92",20141,2015,3.57863185650416,77.4736842105263
"93",20141,2016,2.82523567618749,189.066666666667
"94",12236,2015,5.08542421713748,254.703703703704
"95",12236,2016,4.14367899174165,429.636363636364
"96",21086,2015,3.20193376634582,81.1764705882353
"97",19981,2015,4.70872612697915,172.68
"98",19243,2015,4.33202803682082,182.695652173913
"99",21222,2015,5.27377326221665,75.5714285714286
"100",20866,2015,4.70872612697915,77.28
"101",20866,2016,3.95532994666249,309.333333333333
"102",19943,2015,5.08542421713748,223.222222222222
"103",20739,2016,2.63688663110833,195.714285714286
"104",12007,2014,0,0
"105",13039,2014,0,0
"106",12825,2014,2.44853758602916,217.692307692308
"107",12364,2014,2.07183949587083,581.181818181818
"108",12576,2014,2.07183949587083,310.363636363636
"109",13466,2014,2.44853758602916,238.076923076923
"110",13179,2014,2.07183949587083,439.454545454545
"111",22038,2016,1.69514140571249,81.7777777777778
"112",20064,2016,1.88349045079166,559.2
"113",21599,2016,3.20193376634582,81.1764705882353
"114",21599,2017,3.76698090158332,337.55
"115",21299,2016,4.70872612697915,432.32
"116",21086,2016,1.88349045079166,339
"117",22089,2016,2.26018854094999,84.3333333333333
"118",12177,2016,4.33202803682082,658.739130434783
"119",12348,2016,2.26018854094999,510.833333333333
"120",13114,2016,2.44853758602916,366
"121",13114,2017,2.26018854094999,471.833333333333
"122",22363,2016,0,0
"123",13487,2016,3.01358472126666,388.8125
"124",21333,2016,0.565047135237498,489
"125",12613,2016,2.26018854094999,467.5
"126",12678,2014,2.26018854094999,205.5
"127",19537,2014,2.82523567618749,55.2
"128",12027,2014,1.88349045079166,255.9
"129",20495,2014,1.69514140571249,0
"130",12522,2014,2.63688663110833,420.5
"131",19655,2014,4.52037708189999,0
"132",12285,2014,2.44853758602916,116.461538461538
"133",19257,2014,4.14367899174165,118.727272727273
"134",12705,2014,3.20193376634582,76.7058823529412
"135",19354,2014,1.50679236063333,0
"136",13690,2014,1.88349045079166,409.3
"137",13012,2014,3.20193376634582,92.4705882352941
"138",19702,2014,3.76698090158332,36.8
"139",19880,2014,1.69514140571249,71.5555555555556
"140",19611,2014,0.94174522539583,0
"141",11674,2014,0,0
"142",19267,2014,1.69514140571249,609
"143",12524,2014,1.69514140571249,0
"144",19601,2014,0.94174522539583,219
"145",13305,2014,3.01358472126666,165.625
"146",12625,2014,2.63688663110833,156.642857142857
"147",19583,2014,1.31844331555416,39.4285714285714
"148",12026,2014,1.69514140571249,527.666666666667
"149",20155,2014,1.130094270475,30.6666666666667
"150",11979,2014,2.44853758602916,0
"151",20796,2015,2.82523567618749,85.8666666666667
"152",19769,2015,2.82523567618749,204.733333333333
"153",11534,2015,3.57863185650416,480.894736842105
"154",21003,2015,4.14367899174165,92
"155",21279,2015,3.39028281142499,92
"156",21997,2015,5.83882039745415,0
"157",21022,2015,5.46212230729582,184.206896551724
"158",12364,2015,5.08542421713748,243.148148148148
"159",19740,2015,4.14367899174165,203.363636363636
"160",10654,2015,2.07183949587083,256.454545454545
"161",13012,2015,4.52037708189999,80.5
"162",13130,2015,2.26018854094999,92
"163",19611,2015,1.50679236063333,210.625
"164",20923,2015,5.83882039745415,241.935483870968
"165",21325,2015,2.26018854094999,232.333333333333
"166",12522,2015,3.57863185650416,473.052631578947
"167",20945,2015,1.31844331555416,218.857142857143
"168",19601,2015,1.69514140571249,238
"169",20155,2015,1.69514140571249,199.111111111111
"170",19565,2014,2.07183949587083,235.363636363636
"171",13048,2014,1.69514140571249,286.111111111111
"172",19654,2014,0,0
"173",19694,2014,0,0
"174",11983,2014,1.130094270475,508.333333333333
"175",19884,2014,2.07183949587083,0
"176",19748,2014,1.88349045079166,237.1
"177",12209,2014,0,0
"178",21387,2017,3.39028281142499,624.333333333333
"179",19981,2017,3.01358472126666,619.75
"180",21468,2017,0,0
"181",12653,2017,1.69514140571249,463.333333333333
"182",20139,2017,2.82523567618749,334.533333333333
"183",13401,2017,3.57863185650416,620.105263157895
"184",20986,2017,3.76698090158332,420.25
"185",21823,2017,3.20193376634582,558.941176470588
"186",21239,2017,3.01358472126666,720.4375
"187",20077,2017,3.57863185650416,629.947368421053
"188",20570,2017,3.01358472126666,588.125
"189",11957,2017,2.82523567618749,667.2
"190",12018,2017,0,0
"191",13179,2017,0,0
"192",19874,2014,2.07183949587083,164.272727272727
"193",12542,2014,0,0
"194",21393,2016,0,0
"195",21387,2016,4.33202803682082,437.260869565217
"196",21331,2016,4.33202803682082,537
"197",21331,2017,3.95532994666249,0
"198",19882,2016,3.95532994666249,580.190476190476
"199",19981,2016,3.76698090158332,548.75
"200",12747,2016,0,0
"201",21247,2016,0.94174522539583,489
"202",20004,2016,3.01358472126666,92
"203",20199,2016,2.07183949587083,485.727272727273
"204",21367,2016,2.07183949587083,344.727272727273
"205",21367,2017,1.88349045079166,475
"206",19905,2016,2.82523567618749,475.533333333333
"207",19905,2017,0,0
"208",20739,2017,0,0
"209",10999,2014,0,0
"210",10418,2014,0,0
"211",12733,2014,0,0
"212",11699,2014,0,0
"213",10942,2014,0,0
"214",13037,2014,0,0
"215",11466,2014,0,0
"216",11914,2014,0,0
"217",13036,2014,0,0
"218",12730,2014,0,0
"219",12326,2014,0,0
"220",11940,2014,0,0
"221",12047,2014,0,0
"222",11870,2014,0,0
"223",12313,2014,0,0
"224",10990,2014,0,0
"225",13034,2014,0,0
"226",12608,2014,0,0
"227",20750,2015,2.44853758602916,67.6923076923077
"228",19509,2015,4.33202803682082,243.304347826087
"229",13205,2015,3.57863185650416,190.210526315789
"230",20364,2015,3.57863185650416,66.8421052631579
"231",20389,2015,4.14367899174165,58.1818181818182
"232",11818,2015,2.82523567618749,173.2
"233",21465,2015,2.26018854094999,53.3333333333333
"234",21370,2015,3.01358472126666,55
"235",20317,2015,2.07183949587083,0
"236",20439,2015,3.01358472126666,60
"237",20241,2015,4.14367899174165,0
"238",11459,2015,3.20193376634582,364.470588235294
"239",20046,2015,3.39028281142499,203.166666666667
"240",20047,2015,3.57863185650416,211.052631578947
"241",21965,2015,3.95532994666249,76.1904761904762
"242",20760,2015,3.95532994666249,68.0952380952381
"243",19267,2015,0,0
"244",21355,2016,3.57863185650416,123
"245",20873,2016,3.39028281142499,483.888888888889
"246",19880,2016,1.50679236063333,678.125
"247",21223,2016,3.95532994666249,370.904761904762
"248",21468,2016,3.39028281142499,458.444444444444
"249",21222,2016,4.52037708189999,454.666666666667
"250",20997,2016,0,0
"251",22049,2016,1.69514140571249,95.6666666666667
"252",20634,2016,4.70872612697915,445.96
"253",13401,2016,4.14367899174165,448.727272727273
"254",21487,2016,2.26018854094999,324.416666666667
"255",12445,2016,4.52037708189999,481.208333333333
"256",19976,2016,3.39028281142499,383.888888888889
"257",20836,2016,3.95532994666249,466.333333333333
"258",20415,2016,2.07183949587083,266.363636363636
"259",12604,2016,4.52037708189999,632.875
"260",11534,2016,3.01358472126666,776
"261",20825,2016,2.44853758602916,490.923076923077
"262",22008,2016,3.95532994666249,0
"263",20883,2016,2.63688663110833,281
"264",13466,2016,3.76698090158332,422.95
"265",21357,2016,2.26018854094999,274.5
"266",21276,2016,1.130094270475,510.666666666667
"267",20995,2016,4.14367899174165,0
"268",12087,2016,4.52037708189999,558.416666666667
"269",22081,2016,1.88349045079166,0
"270",21350,2016,3.95532994666249,357.857142857143
"271",20756,2016,1.130094270475,522.666666666667
"272",12207,2016,2.44853758602916,113.538461538462
"273",20537,2016,2.44853758602916,492.230769230769
"274",19583,2016,1.50679236063333,571.375
"275",21985,2016,2.07183949587083,372.090909090909
"276",19601,2016,1.50679236063333,653.25
"277",21867,2016,1.88349045079166,397.4
"278",21169,2016,1.69514140571249,624.777777777778
"279",10043,2016,1.50679236063333,592
"280",19766,2016,3.57863185650416,123
"281",13132,2016,1.31844331555416,554.714285714286
"282",12522,2016,0,0
"283",21830,2016,0,0
"284",19706,2016,3.01358472126666,397.5625
"285",19599,2016,3.01358472126666,525.625
"286",20495,2016,1.50679236063333,444
"287",19611,2016,1.130094270475,601.666666666667
"288",21396,2016,3.39028281142499,336.111111111111
"289",21272,2016,1.50679236063333,328.5
"290",20948,2016,2.07183949587083,480.636363636364
"291",21505,2016,2.82523567618749,123
"292",20155,2016,1.31844331555416,531
"293",13385,2016,3.20193376634582,532.058823529412
"294",20062,2016,3.76698090158332,555.8
"295",19740,2016,3.01358472126666,588.3125
"296",13023,2016,0,0
"297",12651,2016,3.76698090158332,465.8
"298",20919,2016,3.39028281142499,574.888888888889
"299",19946,2016,3.39028281142499,376.111111111111
"300",19863,2016,4.52037708189999,437.791666666667
"301",22021,2016,3.39028281142499,92
"302",21238,2016,3.57863185650416,545.684210526316
"303",19969,2016,3.39028281142499,319.666666666667
"304",21128,2016,3.01358472126666,0
"305",19875,2016,1.69514140571249,501.666666666667
"306",19718,2016,0,0
"307",22035,2016,3.57863185650416,92
"308",21023,2016,3.95532994666249,265.714285714286
"309",20200,2016,2.07183949587083,591.727272727273
"310",13246,2016,5.46212230729582,526.137931034483
"311",13129,2016,2.26018854094999,494.666666666667
"312",21603,2016,3.20193376634582,0
"313",20523,2016,2.26018854094999,357.833333333333
"314",20341,2016,1.88349045079166,369.6
"315",12072,2016,3.20193376634582,532.647058823529
"316",22059,2016,3.95532994666249,83.2380952380952
"317",20342,2016,3.20193376634582,0
"318",20226,2016,2.26018854094999,297.416666666667
"319",19921,2016,3.95532994666249,368.333333333333
"320",12012,2016,2.44853758602916,104.076923076923
"321",22070,2016,2.26018854094999,0
"322",21787,2016,0,0
"323",19537,2016,3.76698090158332,556.85
"324",21239,2016,3.57863185650416,471.473684210526
"325",20782,2016,0,0
"326",20570,2016,3.57863185650416,226.315789473684
"327",13625,2016,3.20193376634582,406.647058823529
